613
437
168
289
389
060
106
321
183
380
931
888
229
910
153
798
538
633
602
007
486
253
478
110
397
847
268
677
776
940
794
204
090
691
146
601
840
247
704
283
819
292
811
791
985
643
773
665
741
632
345
495
220
353
491
270
946
398
636
914
294
459
333
521
361
919
432
958
457
676
545
363
782
082
481
989
831
863
629
448
695
401
702
499
760
650
789
255
225
080
509
912
683
291
987
708
623
631
948
329
55
251
568
408
673
349
861
348
233
81
124
777
710
129
231
70
758
766
594
653
579
209
402
945
732
817
403
309
413
897
922
738
654
63
557
246
896
484
458
1
659
256
882
473
3
543
795
336
443
889
886
938
739
476
781
185
546
26
694
787
933
648
928
864
701
574
11
634
714
173
165
263
591
382
609
140
605
410
434
765
860
951
667
835
257
997
157
190
813
692
6
513
180
463
206
825
960
68
49
482
580
105
553
15
306
456
252
135
971
12
523
216
956
829
821
661
123
638
133
552
645
851
903
414
132
76
232
365
151
716
855
325
524
370
144
71
465
505
475
186
780
111
384
751
39
237
86
47
354
853
707
162
454
828
868
774
728
815
58
297
182
208
747
528
550
396
820
582
32
700
674
79
467
551
374
506
259
134
713
994
937
4
44
721
223
42
89
194
20
163
330
25
196
957
56
260
84
249
386
67
807
412
806
611
565
217
5
501
712
126
640
239
690
158
918
35
308
540
924
519
750
670
810
926
406
400
740
518
562
375
45
287
22
203
849
313
757
950
733
57
626
188
531
822
867
426
130
238
511
887
621
322
23
214
598
641
660
147
415
474
699
392
577
969
614
302
202
320
102
675
535
224
197
865
858
368
799
358
391
379
816
98
425
526
445
805
95
801
850
534
830
417
941
743
586
516
893
720
542
877
731
125
241
222
589
280
590
915
399
525
630
420
152
36
612
679
169
503
356
793
207
136
184
572
587
118
737
603
41
954
909
992
500
419
827
282
314
74
453
726
267
433
567
212
409
522
796
656
275
775
745
155
171
483
261
435
968
581
281
734
646
115
620
628
872
377
878
477
24
866
444
748
982
687
790
421
600
977
170
651
40
248
394
682
655
395
279
492
561
883
128
583
139
913
38
616
154
14
87
770
908
979
966
219
706
335
488
771
411
120
560
240
215
34
33
198
502
823
293
657
681
364
390
996
490
307
895
584
763
92
372
316
585
28
113
85
998
797
148
839
730
177
647
441
427
698
642
143
393
536
290
965
242
537
328
205
722
902
250
746
520
272
859
834
487
265
744
949
876
352
2
974
905
218
635
337
258
103
10
344
809
278
234
64
544
101
436
932
149
29
355
73
696
266
595
778
967
360
569
312
900
195
942
936
644
176
8
51
879
193
901
452
619
461
61
533
664
54
351
494
898
201
769
226
892
504
442
917
439
610
792
107
749
357
498
213
174
862
464
181
736
254
284
719
935
753
885
729
299
451
999
703
0
841
319
440
66
338
469
31
167
277
332
836
59
715
72
161
323
762
93
9
599
884
366
961
376
662
468
288
671
944
804
848
554
317
424
407
269
30
637
243
962
496
142
347
891
779
324
116
907
100
943
235
843
939
388
756
19
625
199
911
669
27
43
296
772
96
873
371
362
145
808
881
622
310
512
842
666
923
91
837
547
97
137
970
122
784
857
617
783
318
803
755
489
138
298
752
172
649
964
786
276
99
717
479
21
244
341
429
844
563
418
228
952
381
890
978
718
471
764
894
539
788
768
607
304
875
871
48
986
705
559
94
735
438
578
470
838
221
75
131
300
833
339
668
327
273
566
615
693
947
549
754
846
150
575
13
608
342
899
527
428
179
697
592
164
532
573
548
466
359
564
724
852
990
430
588
606
529
311
127
953
604
686
973
874
930
446
685
343
119
17
109
175
981
541
767
416
117
331
405
684
227
955
832
814
295
597
980
378
387
211
785
192
856
271
286
596
555
870
515
450
826
508
346
37
104
576
159
723
983
301
639
404
315
210
510
652
800
680
845
422
991
972
689
663
672
558
62
449
121
921
925
340
916
462
262
727
108
236
245
975
166
447
824
472
178
711
658
618
802
854
77
303
984
114
326
493
988
50
78
423
993
570
274
46
742
812
709
52
383
191
959
200
904
334
431
995
678
929
16
385
880
65
497
367
480
285
507
187
571
141
725
112
53
230
976
818
485
927
920
761
517
369
627
963
759
530
624
350
906
83
88
514
69
160
869
556
593
189
264
18
455
305
934
373
460
156
